1,0,1,1,3,0,2,1,0,5,0,0,1,0,1,2,2,0,0,1,0,2,2,2,0,0,2,2,1,0,2
2,1,2,2,3,1,3,1,0,10,2,0,3,1,2,2,7,1,1,2,0,6,5,3,0,3,2,2,2,2,3
3,1,2,4,3,3,4,5,1,14,3,5,3,3,2,2,12,2,2,2,0,10,5,4,2,4,3,2,3,2,3
4,1,2,4,4,4,8,10,4,19,3,9,5,5,3,2,15,2,3,3,0,15,6,4,2,5,4,3,3,2,4
5,1,4,4,5,5,11,14,4,22,3,14,8,9,4,5,19,4,8,3,2,17,9,5,2,6,6,3,3,3,4
6,2,6,4,6,7,15,17,5,25,5,17,8,14,4,6,22,4,10,4,3,22,10,5,7,10,9,3,3,3,5
7,3,7,4,10,8,20,20,6,27,8,22,8,18,6,6,23,5,14,5,5,26,11,5,12,14,12,3,4,3,5
8,3,12,7,14,9,24,23,6,31,12,26,8,21,7,6,26,5,19,6,7,30,11,6,15,18,15,3,4,3,9
9,3,15,11,19,10,27,25,7,34,16,29,8,25,8,6,29,6,21,6,9,34,11,7,18,22,17,3,6,4,14
10,3,17,16,21,10,28,28,7,38,19,31,8,30,8,7,31,7,23,8,10,36,12,8,23,25,21,5,7,4,18
11,3,19,18,23,11,29,31,7,38,21,35,8,33,8,8,34,8,26,9,15,39,12,9,27,29,24,6,7,9,22
12,4,20,23,26,11,31,33,7,41,25,39,8,34,9,8,37,9,29,9,19,41,14,11,31,32,26,6,7,13,26
13,4,23,24,30,13,34,38,10,44,26,43,9,35,9,8,40,10,31,13,21,44,14,15,35,35,29,7,9,15,29
14,4,24,27,31,16,37,43,14,45,29,46,9,37,9,9,41,10,34,14,23,46,14,18,39,39,32,8,9,19,31
15,5,27,31,34,16,40,43,18,48,32,47,10,39,10,9,43,10,35,16,28,46,14,21,39,42,34,8,9,22,34
16,5,30,33,39,16,43,45,22,50,36,48,10,41,10,10,47,11,37,17,29,48,15,23,41,47,37,8,9,25,35
17,5,33,35,42,21,46,49,23,51,39,50,11,42,10,11,49,12,40,18,32,48,20,27,43,49,39,9,10,28,37
18,5,37,38,43,23,48,49,25,54,41,54,16,45,10,12,51,12,41,19,34,50,21,30,47,51,43,9,10,31,39
19,5,41,41,46,25,52,51,29,57,42,54,20,48,10,13,53,12,43,23,38,50,24,33,49,52,47,9,10,34,42
20,5,41,45,47,28,53,52,32,60,43,56,25,50,10,13,55,12,46,27,40,50,28,35,50,53,48,9,10,36,45
21,6,43,49,49,30,56,54,35,62,44,58,28,51,10,13,57,12,48,31,40,53,32,37,52,54,50,9,10,36,47
22,6,46,51,52,34,56,55,37,64,45,61,29,51,10,13,59,12,51,35,42,54,36,39,54,54,52,9,10,38,51
23,6,47,52,52,38,56,55,40,65,48,62,31,51,10,13,60,12,51,36,44,56,39,42,57,55,54,10,11,41,52
24,7,49,54,53,39,58,57,44,65,50,62,36,52,11,13,61,13,54,37,46,56,43,43,59,59,55,10,11,44,54
25,7,51,54,54,41,58,58,46,66,53,63,37,53,11,14,62,13,55,39,46,57,47,45,59,60,55,10,11,46,57
26,7,55,54,55,43,61,61,47,67,55,63,40,54,11,15,64,13,57,42,48,59,49,47,62,61,57,10,11,48,58
27,7,58,56,56,45,61,61,50,67,56,63,43,56,11,18,65,14,58,45,51,60,51,49,62,62,59,10,11,50,60
28,7,58,56,58,48,62,62,50,71,58,64,44,57,11,21,66,15,58,46,52,61,53,49,63,62,61,10,11,50,64
29,7,59,57,60,50,64,64,52,72,60,64,46,57,13,25,66,16,60,47,53,62,55,51,63,64,61,10,11,52,67
30,7,60,57,62,54,64,65,52,73,61,65,49,61,13,25,66,17,60,49,54,65,58,52,65,65,62,10,11,52,68
31,8,60,58,62,57,64,68,53,74,63,67,52,61,14,27,66,18,61,50,55,66,59,54,65,66,65,10,12,54,69
32,8,61,60,63,60,64,68,55,75,65,69,52,62,14,31,66,20,62,52,58,67,59,57,65,66,65,10,16,56,69
33,8,62,61,65,60,65,68,56,75,67,69,52,62,19,34,67,22,62,53,58,68,61,58,65,67,65,10,20,58,70
34,8,62,62,66,61,67,70,57,76,69,69,53,62,22,38,67,24,63,54,60,68,62,59,67,68,65,10,24,59,70
35,8,64,63,66,65,67,70,58,76,70,69,55,63,23,41,69,26,63,55,62,69,63,62,68,68,67,10,27,59,73
36,9,64,63,67,66,68,70,60,76,70,70,58,63,26,41,69,29,65,56,63,71,64,63,68,70,69,10,31,60,73
37,9,66,64,67,68,68,71,60,77,70,72,59,64,29,43,69,30,66,56,63,71,64,63,70,70,71,10,32,60,74
38,10,68,65,68,69,68,71,61,79,70,72,61,64,31,45,69,31,68,60,65,72,64,65,71,71,71,10,36,61,75
39,10,69,66,69,71,68,72,61,79,70,72,61,65,34,46,73,32,69,61,65,72,65,67,72,71,72,10,38,63,76
40,10,69,66,69,72,68,72,62,79,71,72,64,65,38,49,73,36,69,62,68,72,65,68,72,71,72,10,39,63,76
41,10,69,68,70,73,69,72,63,81,71,74,64,65,39,51,73,39,70,63,72,73,68,70,72,72,72,10,40,65,77
42,14,70,68,71,73,69,72,65,81,72,75,64,65,42,52,74,42,70,64,75,73,69,70,72,72,74,10,41,65,77
43,19,70,68,72,74,69,73,68,81,73,75,64,67,42,55,75,44,71,66,76,73,72,70,72,72,75,11,43,65,77
44,24,71,69,74,77,69,74,69,82,73,75,65,68,43,57,76,48,71,66,76,74,72,71,73,73,76,11,45,66,78
45,27,72,69,74,77,69,74,69,82,75,75,65,68,45,60,76,49,71,68,76,74,72,72,73,73,76,12,47,67,78
46,29,72,69,74,77,69,74,70,82,76,75,65,68,46,62,76,50,71,69,76,75,72,73,74,74,76,12,49,69,80
47,32,74,71,75,77,70,75,71,82,77,75,67,68,48,63,78,50,71,69,76,77,73,73,74,74,78,16,50,70,80
48,34,74,72,77,79,71,75,71,82,77,75,69,69,49,63,78,52,72,70,77,79,73,73,75,77,78,19,51,71,80
49,36,74,72,78,79,71,75,73,83,79,76,70,69,50,64,79,53,72,70,77,79,74,74,75,78,78,23,52,71,80
50,38,74,72,78,79,72,76,74,84,79,77,70,69,52,65,80,53,74,71,77,80,74,75,75,78,78,27,53,71,81
51,41,74,72,78,80,72,77,75,84,81,77,71,70,54,65,81,54,74,71,78,80,75,76,75,78,79,29,55,73,82
52,42,74,72,78,81,73,77,75,84,82,77,71,70,54,66,81,54,76,72,78,81,76,77,76,79,79,31,57,75,82
53,45,74,72,78,82,73,78,75,84,83,77,73,70,56,66,82,54,76,73,79,82,76,77,76,79,79,33,57,75,82
54,47,75,72,78,82,73,78,75,84,84,77,73,71,56,68,83,54,76,74,79,83,77,78,76,79,79,34,58,76,84
55,49,75,73,79,82,74,78,76,85,85,77,73,72,57,69,83,55,76,75,79,84,77,79,76,80,80,36,60,77,84
56,52,75,73,79,83,74,78,76,85,86,78,73,72,58,69,83,57,76,75,80,84,77,79,76,80,80,39,61,78,84
57,54,75,73,79,83,75,79,76,85,86,78,73,73,59,70,83,57,76,75,81,84,77,80,76,81,80,42,63,78,84
58,56,75,73,79,84,75,80,76,85,87,78,74,73,60,70,83,58,78,76,81,84,78,80,78,81,81,44,63,78,85
59,58,76,74,79,84,75,81,76,85,87,79,74,73,60,70,84,60,78,76,82,84,78,80,78,81,81,46,64,78,85
60,59,76,74,79,84,76,81,77,85,87,79,74,74,61,71,84,60,78,76,82,84,78,80,79,81,82,47,65,79,85
61,59,76,74,79,84,76,82,77,86,88,80,74,74,62,71,84,61,78,78,84,84,78,80,79,81,82,49,66,80,85
62,62,76,74,79,84,77,82,77,87,88,80,74,74,64,71,84,63,79,78,84,84,78,82,79,81,82,52,66,80,85
63,63,76,74,80,85,77,82,77,89,88,80,75,74,65,72,85,63,79,78,84,84,79,83,79,81,83,54,66,81,85
64,63,77,75,80,85,77,82,77,89,89,80,75,75,66,74,85,63,79,79,84,84,79,83,79,82,83,57,67,82,85
65,65,78,75,81,85,79,82,77,89,89,80,75,75,66,74,85,63,79,79,85,84,79,83,79,82,83,58,68,82,85
66,65,78,76,81,87,79,82,77,90,89,80,76,75,67,75,85,63,79,79,85,85,79,84,79,82,83,60,68,82,85
67,67,78,77,81,87,79,83,77,90,89,80,77,75,67,77,85,65,79,79,85,85,79,86,79,82,83,62,68,82,86
68,67,78,77,81,87,79,83,77,90,89,81,77,75,67,77,85,66,79,79,85,85,79,86,79,82,83,63,68,82,86
69,68,78,77,81,88,79,83,77,90,89,81,78,77,67,78,85,67,80,80,85,85,79,86,79,82,83,63,68,82,86
70,71,79,77,81,88,79,83,78,90,89,81,78,78,67,78,85,67,80,80,85,85,79,86,79,82,84,63,68,82,86
71,74,80,77,81,88,80,84,78,90,89,81,78,78,68,78,85,67,80,80,85,85,80,86,79,82,84,65,68,82,86
72,74,80,77,82,88,80,84,78,90,89,81,78,78,68,78,85,67,80,81,85,85,81,86,79,82,84,66,68,82,86
73,76,81,77,82,88,80,84,78,90,89,81,78,78,68,79,85,67,80,81,85,85,82,86,79,83,85,68,68,82,86
74,76,82,77,83,88,80,84,79,90,90,81,78,78,69,80,85,67,81,81,85,85,82,86,79,84,85,68,68,82,87
75,76,82,77,83,88,80,84,79,90,90,82,78,78,69,81,85,70,81,81,86,85,82,86,79,84,85,69,69,82,87
76,76,82,78,83,88,80,84,80,90,90,82,78,78,69,81,85,71,81,81,86,85,82,87,79,85,85,69,69,82,87
77,76,82,79,83,88,80,84,81,90,90,83,78,78,70,81,85,72,82,81,86,85,82,87,79,85,85,70,69,83,88
78,76,82,79,83,88,80,84,81,90,90,83,78,78,70,81,85,72,83,81,86,85,82,87,80,85,85,72,69,83,88
79,76,82,79,83,88,80,84,81,90,90,83,78,78,70,81,85,73,83,81,86,85,82,87,81,85,85,72,71,83,88
80,76,82,80,83,88,81,84,81,91,90,83,78,78,72,81,85,74,83,81,86,85,82,87,81,85,85,72,71,83,88
81,77,82,80,83,88,81,84,81,92,90,83,78,79,72,81,85,74,84,81,86,85,82,87,81,85,85,73,71,83,88
82,78,82,80,83,88,81,84,81,92,90,83,79,79,73,81,85,74,84,81,86,85,82,87,81,85,85,74,72,83,89
83,78,82,80,83,88,81,84,81,92,90,83,79,79,73,81,85,74,84,81,86,85,82,87,81,85,85,74,72,84,89
84,78,82,80,83,88,81,84,81,92,90,83,79,79,73,81,85,75,85,81,86,85,82,87,82,85,85,74,74,84,89
85,78,82,81,83,88,81,84,81,92,90,83,79,79,74,81,85,76,85,81,86,85,82,87,83,85,85,74,74,84,89
86,78,82,81,83,88,81,84,81,92,90,83,80,79,74,81,85,77,85,82,86,85,82,87,83,85,85,76,76,84,89
87,78,82,81,83,88,81,84,81,92,90,83,80,79,74,81,85,77,85,82,86,85,83,87,83,85,85,77,76,84,89
88,79,82,81,83,88,81,85,81,92,90,83,80,79,74,81,85,77,85,82,86,85,83,88,83,85,85,77,76,84,89
89,79,82,81,84,88,81,85,81,92,90,83,80,80,74,81,85,77,85,82,86,85,83,88,83,86,85,77,76,84,89
90,79,82,81,84,88,81,85,81,92,90,83,80,80,74,81,85,77,85,83,86,85,83,88,83,86,85,77,76,84,90
91,80,82,81,84,88,81,86,82,92,90,83,80,80,74,81,85,77,85,83,86,85,83,88,83,86,85,77,76,84,90
92,80,82,81,85,88,81,86,82,92,90,83,80,80,74,82,85,77,85,84,86,85,83,88,83,86,85,77,76,84,91
93,80,82,81,85,88,81,86,82,92,90,83,80,80,74,82,85,77,85,84,86,85,83,88,84,86,86,77,76,84,91
94,80,82,81,85,88,81,87,82,92,90,83,80,80,75,82,85,77,85,84,86,85,83,88,84,87,86,77,76,84,91
95,80,82,81,85,88,81,87,82,92,90,83,80,80,75,82,85,77,85,84,86,85,83,88,84,87,86,77,77,84,91
96,80,82,81,85,88,81,87,82,92,90,84,80,80,75,82,85,77,85,85,86,85,83,89,84,88,86,78,77,84,91
97,80,82,81,85,88,81,87,82,92,90,84,80,80,75,82,85,77,85,86,86,85,83,89,84,88,87,78,77,84,91
98,82,82,82,85,88,81,88,82,92,90,84,81,80,75,82,85,77,85,87,86,85,83,89,84,88,87,78,77,85,91
99,82,82,82,85,88,81,88,82,92,90,84,81,80,75,82,85,77,85,87,86,85,83,89,84,88,87,78,77,85,91
100,82,82,82,85,88,82,88,82,92,90,84,81,80,75,82,85,78,85,87,86,85,83,89,84,88,87,78,77,85,91
101,82,82,82,85,88,82,88,82,92,90,84,81,80,75,82,85,78,85,87,86,85,83,89,84,88,87,79,77,85,91
102,82,83,82,85,88,82,88,82,92,91,84,81,80,76,82,85,78,85,87,86,85,83,89,84,88,87,80,77,85,91
103,82,83,82,85,88,82,88,82,92,91,84,82,80,76,82,85,78,85,87,86,85,83,89,84,88,87,80,77,85,91
104,83,83,82,85,89,82,88,83,92,91,84,82,80,76,82,85,78,85,87,86,85,83,89,84,88,87,80,77,85,91
105,83,83,82,86,89,82,88,83,92,91,84,82,80,76,82,85,78,85,87,86,85,83,89,84,88,87,80,77,85,91
106,83,83,82,86,89,82,88,83,92,91,84,82,80,76,82,85,79,85,87,86,85,83,89,84,88,87,80,77,85,91
107,83,83,82,86,89,82,88,83,92,91,84,82,80,76,82,85,79,85,87,86,85,83,90,84,88,87,80,77,85,91
108,83,83,82,86,89,82,88,83,92,91,84,82,80,76,82,85,79,85,87,86,85,83,90,84,88,87,80,77,85,91
109,83,83,82,86,89,82,88,83,92,91,84,82,80,77,82,85,79,85,87,86,85,83,90,84,88,87,80,77,85,91
110,83,83,82,86,89,82,88,83,92,91,84,82,80,77,82,85,79,85,87,86,85,83,90,84,88,87,80,77,85,91
111,83,83,82,86,89,82,88,83,92,91,84,82,80,77,82,85,79,85,87,86,85,84,90,84,88,87,80,77,85,91
112,83,83,82,86,89,82,88,83,92,91,84,82,80,77,82,85,80,85,87,86,85,84,90,84,88,87,80,77,85,91
113,83,83,82,86,89,82,88,83,92,91,84,82,80,77,82,85,80,85,87,86,85,84,90,84,88,87,80,77,85,91
114,83,83,82,86,89,82,88,83,92,91,84,82,80,77,82,85,80,85,87,86,85,84,90,84,88,87,80,77,85,91
115,83,83,82,86,89,82,88,83,92,91,84,82,80,77,82,85,80,85,87,86,85,84,90,84,88,87,80,77,85,91
116,83,83,82,86,89,82,88,83,92,91,84,82,80,77,82,85,80,85,87,86,85,84,90,84,88,87,80,77,85,91
117,84,83,82,86,89,82,88,83,92,91,84,82,80,77,82,85,80,86,87,86,85,84,90,84,88,87,80,77,85,91
118,84,83,82,86,89,82,88,83,92,91,84,82,80,78,82,85,80,86,87,86,85,84,90,84,88,87,80,77,85,91
119,84,83,82,86,89,82,88,83,92,91,84,82,80,78,82,85,80,86,87,86,85,84,90,84,88,87,80,77,85,91
120,84,83,82,86,89,82,88,83,92,91,84,82,80,78,82,85,80,86,87,86,85,84,90,84,88,87,80,77,85,91
121,84,83,82,86,89,82,88,83,92,91,84,82,80,78,82,85,80,86,87,86,85,84,90,84,88,87,80,77,85,91
122,84,83,82,86,89,82,88,83,92,91,84,82,80,78,82,85,80,86,87,86,85,84,90,84,88,87,80,77,85,91
123,84,83,82,86,89,82,88,83,92,91,84,82,80,78,82,85,80,86,87,86,85,84,90,84,88,87,81,77,85,91
124,84,83,82,86,89,82,88,83,92,91,84,82,80,78,82,85,80,86,87,86,85,84,90,84,88,87,81,77,85,91
125,84,83,82,86,89,82,88,83,92,91,84,82,80,78,82,85,80,86,87,86,85,84,90,84,88,87,81,77,85,91
126,84,83,82,86,89,82,88,83,92,91,84,82,80,78,82,85,80,86,87,86,85,84,90,84,88,87,81,77,85,91
127,85,83,82,86,89,82,88,83,92,91,84,82,80,78,82,85,80,86,87,86,85,84,90,84,88,87,81,77,85,91
128,85,83,82,86,89,82,88,83,92,91,84,82,80,78,82,85,80,86,87,86,85,84,90,84,88,87,81,77,85,91
129,85,83,82,86,89,82,88,83,92,91,84,82,80,78,82,85,80,86,87,86,85,84,90,84,88,87,81,77,85,91
130,85,83,82,86,89,82,88,83,92,91,84,82,80,78,82,85,80,86,87,86,85,84,90,84,88,87,81,77,85,91
131,85,83,82,86,89,82,88,83,92,91,84,82,80,78,82,85,80,86,87,86,85,84,90,84,88,87,81,77,85,91
132,85,83,82,86,89,82,88,83,92,91,84,82,80,78,82,85,80,86,87,86,85,84,90,84,88,87,81,77,85,91
133,85,83,82,86,89,82,88,83,92,91,84,82,80,78,82,85,80,86,87,86,85,84,90,84,88,87,81,77,85,91
134,85,83,82,86,89,82,88,83,92,91,84,82,80,78,82,85,80,86,87,86,85,84,90,84,88,87,81,77,85,91
135,85,83,82,86,89,82,88,83,92,91,84,82,80,78,82,85,80,86,87,86,85,84,90,84,88,87,81,77,85,91
136,85,83,82,86,89,82,88,83,92,91,84,82,80,78,82,85,80,86,87,86,85,84,90,84,88,87,81,77,85,91
137,85,83,82,86,89,82,88,83,92,91,84,82,80,78,82,85,80,86,87,86,85,84,90,84,88,87,81,77,85,91
138,85,83,82,86,89,82,88,83,92,91,84,82,80,78,82,85,80,86,87,86,85,84,90,84,88,87,81,77,85,91
139,85,83,82,86,89,82,88,83,92,91,84,82,80,78,82,85,80,86,87,86,85,84,90,84,88,87,81,77,85,91
140,85,83,82,86,89,82,88,83,92,91,84,82,80,78,82,85,80,86,87,86,85,84,90,84,88,87,81,77,85,91
141,85,83,82,86,89,82,88,83,92,91,84,82,80,78,82,85,80,86,87,86,85,84,90,84,88,87,82,77,85,91
142,85,83,82,86,89,82,88,83,92,91,84,82,80,78,82,85,80,86,87,86,85,84,90,84,88,87,82,77,85,91
143,85,83,82,86,89,82,88,83,92,91,84,82,80,78,82,85,80,86,87,86,85,84,90,84,88,87,82,77,85,91
144,85,83,82,86,89,82,88,83,92,91,84,82,80,78,82,85,80,86,87,86,85,84,90,84,88,87,82,77,85,91
145,85,83,82,86,89,82,88,83,92,91,84,82,80,78,82,85,80,86,87,86,85,84,90,84,88,87,82,77,85,91
146,85,83,82,86,89,82,88,83,92,91,84,82,80,78,82,85,80,86,87,86,85,84,90,84,88,87,83,77,85,91
147,85,83,82,86,89,82,88,83,92,91,84,82,80,78,82,85,80,86,87,86,85,84,90,84,88,87,83,77,85,91
148,85,83,82,86,89,82,88,83,92,91,84,82,80,78,82,85,80,86,87,86,85,84,90,84,88,87,83,77,85,91
149,85,83,82,86,89,82,88,83,92,91,84,82,80,78,82,85,80,86,87,86,85,84,90,84,88,87,83,77,85,91
150,85,83,82,86,89,82,88,83,92,91,84,82,80,78,82,85,80,86,87,86,85,84,90,84,88,87,83,78,85,91
151,85,83,82,86,89,82,88,83,92,91,84,82,80,78,82,85,80,86,87,86,85,84,90,84,88,87,83,78,85,91
152,85,83,82,86,89,82,88,83,92,91,84,82,80,78,82,85,80,86,87,86,85,84,90,84,88,87,83,78,85,91
153,85,83,82,86,89,82,88,83,92,91,84,82,80,78,82,85,80,86,87,86,85,84,90,84,88,87,83,78,85,91
154,85,83,82,86,89,82,88,83,92,91,84,82,80,78,82,85,80,86,87,86,85,84,90,84,88,87,83,78,85,91
155,85,83,82,86,89,82,88,83,92,91,84,82,80,78,82,85,80,86,87,86,85,84,90,84,88,87,83,78,85,91
156,85,83,82,86,89,82,88,83,92,91,84,82,80,78,82,85,80,86,87,86,85,84,90,84,88,87,83,78,85,91
157,85,83,82,86,89,82,88,83,92,91,84,82,80,78,82,85,80,86,87,86,85,84,90,84,88,87,83,78,85,91
158,85,83,82,86,89,82,88,83,92,91,84,83,80,78,82,85,80,86,87,86,85,84,90,84,88,87,83,78,85,91
159,85,83,82,86,89,82,88,83,92,91,84,83,80,78,82,85,80,86,87,86,85,84,90,84,88,87,83,78,85,91
160,85,83,82,86,89,82,88,83,92,91,84,83,80,78,82,85,80,86,87,86,85,84,90,84,88,87,83,78,85,91
161,85,83,82,86,89,82,88,83,92,91,84,83,80,78,82,85,80,86,87,86,85,84,90,84,88,87,83,78,85,91
162,85,83,82,86,89,82,88,83,92,91,84,83,80,78,82,85,80,86,87,86,85,84,90,84,88,87,83,78,85,91
163,85,83,82,86,89,82,88,83,92,91,84,83,80,78,82,85,80,86,87,86,85,84,90,84,88,87,83,78,85,91
164,85,83,82,86,89,82,88,83,92,91,84,83,80,78,82,85,80,86,87,86,85,84,90,84,88,87,83,78,85,91
165,85,83,82,86,89,82,88,83,92,91,84,83,80,78,82,85,80,86,87,86,85,84,90,84,88,87,83,78,85,91
166,85,83,82,86,89,82,88,83,92,91,84,83,80,78,82,85,80,86,87,86,85,84,90,84,88,87,83,78,85,91
167,85,83,82,86,89,82,88,83,92,91,84,83,80,78,82,85,80,86,87,86,85,84,90,84,88,87,83,78,85,91
168,85,83,82,86,89,82,88,83,92,91,84,83,80,78,82,85,80,86,87,86,85,84,90,84,88,87,83,78,85,91
169,85,83,82,86,89,82,88,83,92,91,84,83,80,78,82,85,80,86,87,86,85,84,90,84,88,87,83,78,85,91
170,85,83,82,86,89,82,88,83,92,91,84,83,80,78,82,85,80,86,87,86,85,84,90,84,88,87,83,78,85,91
171,85,83,82,86,89,82,88,83,92,91,84,83,80,78,82,85,80,86,87,86,85,84,90,84,88,87,83,78,85,91
172,85,83,82,86,89,82,88,83,92,91,84,83,80,78,82,85,80,86,87,86,85,84,90,84,88,87,83,78,85,91
173,85,83,82,86,89,82,88,83,92,91,84,83,80,78,82,85,80,86,87,86,85,84,90,84,88,87,83,78,85,91
174,85,83,82,86,89,82,88,83,92,91,84,83,80,78,82,85,80,86,87,86,85,84,90,84,88,87,83,78,85,91
175,85,83,82,86,89,82,88,83,92,91,84,83,80,78,82,85,80,86,87,86,85,84,90,84,88,87,83,78,85,91
176,85,83,82,86,89,82,88,83,92,91,84,83,80,78,82,85,80,86,87,86,85,84,90,84,88,87,83,78,85,91
177,85,83,82,86,89,82,88,83,92,91,84,83,80,78,82,85,80,86,87,86,85,84,90,84,88,87,83,78,85,91
178,85,83,82,86,89,82,88,83,92,91,84,83,80,78,82,85,80,86,87,86,85,84,90,84,88,87,83,78,85,91
179,85,83,82,86,89,82,88,83,92,91,84,83,80,78,82,85,80,86,87,86,85,84,90,84,88,87,83,78,85,91
180,85,83,82,86,89,82,88,83,92,91,84,83,80,78,82,85,80,86,87,86,85,84,90,84,88,87,83,78,85,91
181,85,83,82,86,89,82,88,83,92,91,84,83,80,78,82,85,80,86,87,86,85,84,90,84,88,87,83,78,85,91
182,85,83,82,86,89,82,88,83,92,91,84,83,80,78,82,85,80,86,87,86,85,84,90,84,88,87,83,78,85,91
183,85,83,82,86,89,82,88,83,92,91,84,83,80,78,82,85,80,86,87,86,85,84,90,84,88,87,83,78,85,91
184,85,83,82,86,89,82,88,83,92,91,84,83,80,78,82,85,80,86,87,86,85,84,90,84,88,87,83,78,85,91
185,85,83,82,86,89,82,88,83,92,91,84,83,80,78,82,85,80,86,87,86,85,84,90,84,88,87,83,78,85,91
186,85,83,82,86,89,82,88,83,92,91,84,83,80,78,82,85,80,86,87,86,85,84,90,84,88,87,83,78,85,91
187,85,83,82,86,89,82,88,83,92,91,84,83,80,78,82,85,80,86,87,86,85,84,90,84,88,87,83,78,85,91
188,85,83,82,86,89,82,88,83,92,91,84,83,80,78,82,85,80,86,87,86,85,84,90,84,88,87,83,78,85,91
189,85,83,82,86,89,82,88,83,92,91,84,83,80,78,82,85,80,86,87,86,85,84,90,84,88,87,83,78,85,91
190,85,83,82,86,89,82,88,83,92,91,84,83,80,78,82,85,80,86,87,86,85,84,90,84,88,87,83,78,85,91
191,85,83,82,86,89,82,88,83,92,91,84,83,80,78,82,85,80,86,87,86,85,84,90,84,88,87,83,78,85,91
192,85,83,82,86,89,82,88,83,92,91,84,83,80,78,82,85,80,86,87,86,85,84,90,84,88,87,83,78,85,91
193,85,83,82,86,89,82,88,83,92,91,84,83,80,78,82,85,80,86,87,86,85,84,90,84,88,87,83,78,85,91
194,85,83,82,86,89,82,88,83,92,91,84,83,80,78,82,85,80,86,87,86,85,84,90,84,88,87,83,78,85,91
195,85,83,82,86,89,82,88,83,92,91,84,83,80,78,82,85,80,86,87,86,85,84,90,84,88,87,83,78,85,91
196,85,83,82,86,89,82,88,83,92,91,84,83,80,78,82,85,80,86,87,86,85,84,90,84,88,87,83,78,85,91
197,85,83,82,86,89,82,88,83,92,91,84,83,80,78,82,85,80,86,87,86,85,84,90,84,88,87,83,78,85,91
198,85,83,82,86,89,82,88,83,92,91,84,83,80,78,82,85,80,86,87,86,85,84,90,84,88,87,83,78,85,91
199,85,83,82,86,89,82,88,83,92,91,84,83,80,78,82,85,80,86,87,86,85,84,90,84,88,87,83,78,85,91
200,85,83,82,86,89,82,88,83,92,91,84,83,80,78,82,85,80,86,87,86,85,84,90,84,88,87,83,78,85,91
201,85,83,82,86,89,82,88,83,92,91,84,83,80,78,82,85,80,86,87,86,85,84,90,84,88,87,83,78,85,91
202,85,83,82,86,89,82,88,83,92,91,84,83,80,78,82,85,80,86,87,86,85,84,90,84,88,87,83,78,85,91
203,85,83,82,86,89,82,88,83,92,91,84,83,80,78,82,85,80,86,87,86,85,84,90,84,88,87,83,78,85,91
204,85,83,82,86,89,82,88,83,92,91,84,83,80,78,82,85,80,86,87,86,85,84,90,84,88,87,83,78,85,91
205,85,83,82,86,89,82,88,83,92,91,84,83,80,78,82,85,80,86,87,86,85,84,90,84,88,87,83,78,85,91
206,85,83,82,86,89,82,88,83,92,91,84,83,80,78,82,85,80,86,87,86,85,84,90,84,88,87,83,78,85,91
207,85,83,82,86,89,82,88,83,92,91,84,83,80,78,82,85,80,86,87,86,85,84,90,84,88,87,83,78,85,91
208,85,83,82,86,89,82,88,83,92,91,84,83,80,78,82,85,80,86,87,86,85,84,90,84,88,87,83,78,85,91
209,85,83,82,86,89,82,88,83,92,91,84,83,80,78,82,85,80,86,87,86,85,84,90,84,88,87,83,78,85,91
210,85,83,82,86,89,82,88,83,92,91,84,83,80,78,82,85,80,86,87,86,85,84,90,84,88,87,83,78,85,91
211,85,83,82,86,89,82,88,83,92,91,84,83,80,78,82,85,80,86,87,86,85,84,90,84,88,87,83,78,85,91
212,85,83,82,86,89,82,88,83,92,91,84,83,80,78,82,85,80,86,87,86,85,84,90,84,88,87,83,78,85,91
213,85,83,82,86,89,82,88,83,92,91,84,83,80,78,82,85,80,86,87,86,85,84,90,84,88,87,83,78,85,91
214,85,83,82,86,89,82,88,83,92,91,84,83,80,78,82,85,80,86,87,86,85,84,90,84,88,87,83,78,85,91
215,85,83,82,86,89,82,88,83,92,91,84,83,80,78,82,85,80,86,87,86,85,84,90,84,88,87,83,78,85,91
216,85,83,82,86,89,82,88,83,92,91,84,83,80,78,82,85,80,86,87,86,85,84,90,84,88,87,83,78,85,91
217,85,83,82,86,89,82,88,83,92,91,84,83,80,78,82,85,80,86,87,86,85,84,90,84,88,87,83,78,85,91
218,85,83,82,86,89,82,88,83,92,91,84,83,80,78,82,85,80,86,87,86,85,84,90,84,88,87,83,78,85,91
219,85,83,82,86,89,82,88,83,92,91,84,83,80,78,82,85,80,86,87,86,85,84,90,84,88,87,83,78,85,91
220,85,83,82,86,89,82,88,83,92,91,84,83,80,78,82,85,80,86,87,86,85,84,90,84,88,87,83,78,85,91
221,85,83,82,86,89,82,88,83,92,91,84,83,80,78,82,85,80,86,87,86,85,84,90,84,88,87,83,78,85,91
222,85,83,82,86,89,82,88,83,92,91,84,83,80,78,82,85,80,86,87,86,85,84,90,84,88,87,83,78,85,91
223,85,83,82,86,89,82,88,83,92,91,84,83,80,78,82,85,80,86,87,86,85,84,90,84,88,87,83,78,85,91
224,85,83,82,86,89,82,88,83,92,91,84,83,80,78,82,85,80,86,87,86,85,84,90,84,88,87,83,78,85,91
225,85,83,82,86,89,82,88,83,92,91,84,83,80,78,82,85,80,86,87,86,85,84,90,84,88,87,83,78,85,91
226,85,83,82,86,89,82,88,83,92,91,84,83,80,78,82,85,80,86,87,86,85,84,90,84,88,87,83,78,85,91
227,85,83,82,86,89,82,88,83,92,91,84,83,80,78,82,85,80,86,87,86,85,84,90,84,88,87,83,78,85,91
228,85,83,82,86,89,82,88,83,92,91,84,83,80,78,82,85,80,86,87,86,85,84,90,84,88,87,83,78,85,91
229,85,83,82,86,89,82,88,83,92,91,84,83,80,78,82,85,80,86,87,86,85,84,90,84,88,87,83,78,85,91
230,85,83,82,86,89,82,88,83,92,91,84,83,80,78,82,85,80,86,87,86,85,84,90,84,88,87,83,78,85,91
231,85,83,82,86,89,82,88,83,92,91,84,83,80,78,82,85,80,86,87,86,85,84,90,84,88,87,83,78,85,91
232,85,83,82,86,89,82,88,83,92,91,84,83,80,78,82,85,80,86,87,86,85,84,90,84,88,87,83,78,85,91
233,85,83,82,86,89,82,88,83,92,91,84,83,80,78,82,85,80,86,87,86,85,84,90,84,88,87,83,78,85,91
234,85,83,82,86,89,82,88,83,92,91,84,83,80,78,82,85,80,86,87,86,85,84,90,84,88,87,83,78,85,91
235,85,83,82,86,89,82,88,83,92,91,84,83,80,78,82,85,80,86,87,86,85,84,90,84,88,87,83,78,85,91
236,85,83,82,86,89,82,88,83,92,91,84,83,80,78,82,85,80,86,87,86,85,84,90,84,88,87,83,78,85,91
237,85,83,82,86,89,82,88,83,92,91,84,83,80,78,82,85,80,86,87,86,85,84,90,84,88,87,83,78,85,91
238,85,83,82,86,89,82,88,83,92,91,84,83,80,78,82,85,80,86,87,86,85,84,90,84,88,87,83,78,85,91
239,85,83,82,86,89,82,88,83,92,91,84,83,80,78,82,85,80,86,87,86,85,84,90,84,88,87,83,78,85,91
240,85,83,82,86,89,82,88,83,92,91,84,83,80,78,82,85,80,86,87,86,85,84,90,84,88,87,83,78,85,91
241,85,83,82,86,89,82,88,83,92,91,84,83,80,78,82,85,80,86,87,86,85,84,90,84,88,87,83,78,85,91
242,85,83,82,86,89,82,88,83,92,91,84,83,80,78,82,85,80,86,87,86,85,84,90,84,88,87,83,78,85,91
243,85,83,82,86,89,82,88,83,92,91,84,83,80,78,82,85,80,86,87,86,85,84,90,84,88,87,83,78,85,91
244,85,83,82,86,89,82,88,83,92,91,84,83,80,78,82,85,80,86,87,86,85,84,90,84,88,87,83,78,85,91
245,85,83,82,86,89,82,88,83,92,91,84,83,80,78,82,85,80,86,87,86,85,84,90,84,88,87,83,78,85,91
246,85,83,82,86,89,82,88,83,92,91,84,83,80,78,82,85,80,86,87,86,85,84,90,84,88,87,83,78,85,91
247,85,83,82,86,89,82,88,83,92,91,84,83,80,78,82,85,80,86,87,86,85,84,90,84,88,87,83,78,85,91
248,85,83,82,86,89,82,88,83,92,91,84,83,80,78,82,85,80,86,87,86,85,84,90,84,88,87,83,78,85,91
249,85,83,82,86,89,82,88,83,92,91,84,83,80,78,82,85,80,86,87,86,85,84,90,84,88,87,83,78,85,91
250,85,83,82,86,89,82,88,83,92,91,84,83,80,78,82,85,80,86,87,86,85,84,90,84,88,87,83,78,85,91
251,85,83,82,86,89,82,88,83,92,91,84,83,80,78,82,85,80,86,87,86,85,84,90,84,88,87,83,78,85,91
252,85,83,82,86,89,82,88,83,92,91,84,83,80,78,82,85,80,86,87,86,85,84,90,84,88,87,83,78,85,91
253,85,83,82,86,89,82,88,83,92,91,84,83,80,78,82,85,80,86,87,86,85,84,90,84,88,87,83,78,85,91
254,85,83,82,86,89,82,88,83,92,91,84,83,80,78,82,85,80,86,87,86,85,84,90,84,88,87,83,78,85,91
255,85,83,82,86,89,82,88,83,92,91,84,83,80,78,82,85,80,86,87,86,85,84,90,84,88,87,83,78,85,91
256,85,83,82,86,89,82,88,83,92,91,84,83,80,78,82,85,80,86,87,86,85,84,90,84,88,87,83,78,85,91
257,85,83,82,86,89,82,88,83,92,91,84,83,80,78,82,85,80,86,87,86,85,84,90,84,88,87,83,78,85,91
258,85,83,82,86,89,82,88,83,92,91,84,83,80,78,82,85,80,86,87,86,85,84,90,84,88,87,83,78,85,91
259,85,83,82,86,89,82,88,83,92,91,84,83,80,78,82,85,80,86,87,86,85,84,90,84,88,87,83,78,85,91
260,85,83,82,86,89,82,88,83,92,91,84,83,80,78,82,85,80,86,87,86,85,84,90,84,88,87,83,78,85,91
261,85,83,82,86,89,82,88,83,92,91,84,83,80,78,82,85,80,86,87,86,85,84,90,84,88,87,83,78,85,91
262,85,83,82,86,89,82,88,83,92,91,84,83,80,78,82,85,80,86,87,86,85,84,90,84,88,87,83,78,85,91
263,85,83,82,86,89,82,88,83,92,91,84,83,80,78,82,85,80,86,87,86,85,84,90,84,88,87,83,78,85,91
264,85,83,82,86,89,82,88,83,92,91,84,83,80,78,82,85,80,86,87,86,85,84,90,84,88,87,83,78,85,91
265,85,83,82,86,89,82,88,83,92,91,84,83,80,78,82,85,80,86,87,86,85,84,90,84,88,87,83,78,85,91
266,85,83,82,86,89,82,88,83,92,91,84,83,80,78,82,85,80,86,87,86,85,84,90,84,88,87,83,78,85,91
267,85,83,82,86,89,82,88,83,92,91,84,83,80,78,82,85,80,86,87,86,85,84,90,84,88,87,83,78,85,91
268,85,83,82,86,89,82,88,83,92,91,84,83,80,78,82,85,80,86,87,86,85,84,90,84,88,87,83,78,85,91
269,85,83,82,86,89,82,88,83,92,91,84,83,80,78,82,85,80,86,87,86,85,84,90,84,88,87,83,78,85,91
270,85,83,82,86,89,82,88,83,92,91,84,83,80,78,82,85,80,86,87,86,85,84,90,84,88,87,83,78,85,91
271,85,83,82,86,89,82,88,83,92,91,84,83,80,78,82,85,80,86,87,86,85,84,90,84,88,87,83,78,85,91
272,85,83,82,86,89,82,88,83,92,91,84,83,80,78,82,85,80,86,87,86,85,84,90,84,88,87,83,78,85,91
273,85,83,82,86,89,82,88,83,92,91,84,83,80,78,82,85,80,86,87,86,85,84,90,84,88,87,83,78,85,91
274,85,83,82,86,89,82,88,83,92,91,84,83,80,78,82,85,80,86,87,86,85,84,90,84,88,87,83,78,85,91
275,85,83,82,86,89,82,88,83,92,91,84,83,80,78,82,85,80,86,87,86,85,84,90,84,88,87,83,78,85,91
276,85,83,82,86,89,82,88,83,92,91,84,83,80,78,82,85,80,86,87,86,85,84,90,84,88,87,83,78,85,91
277,85,83,82,86,89,82,88,83,92,91,84,83,80,78,82,85,80,86,87,86,85,84,90,84,88,87,83,78,85,91
278,85,83,82,86,89,82,88,83,92,91,84,83,80,78,82,85,80,86,87,86,85,84,90,84,88,87,83,78,85,91
279,85,83,82,86,89,82,88,83,92,91,84,83,80,78,82,85,80,86,87,86,85,84,90,84,88,87,83,78,85,91
280,85,83,82,86,89,82,88,83,92,91,84,83,80,78,82,85,80,86,87,86,85,84,90,84,88,87,83,78,85,91
281,85,83,82,86,89,82,88,83,92,91,84,83,80,78,82,85,80,86,87,86,85,84,90,84,88,87,83,78,85,91
282,85,83,82,86,89,82,88,83,92,91,84,83,80,78,82,85,80,86,87,86,85,84,90,84,88,87,83,78,85,91
283,85,83,82,86,89,82,88,83,92,91,84,83,80,78,82,85,80,86,87,86,85,84,90,84,88,87,83,78,85,91
284,85,83,82,86,89,82,88,83,92,91,84,83,80,78,82,85,80,86,87,86,85,84,90,84,88,87,83,78,85,91
285,85,83,82,86,89,82,88,83,92,91,84,83,80,78,82,85,80,86,87,86,85,84,90,84,88,87,83,78,85,91
286,85,83,82,86,89,82,88,83,92,91,84,83,80,78,82,85,80,86,87,86,85,84,90,84,88,87,83,78,85,91
287,85,83,82,86,89,82,88,83,92,91,84,83,80,78,82,85,80,86,87,86,85,84,90,84,88,87,83,78,85,91
288,85,83,82,86,89,82,88,83,92,91,84,83,80,78,82,85,80,86,87,86,85,84,90,84,88,87,83,78,85,91
289,85,83,82,86,89,82,88,83,92,91,84,83,80,78,82,85,80,86,87,86,85,84,90,84,88,87,83,78,85,91
290,85,83,82,86,89,82,88,83,92,91,84,83,80,78,82,85,80,86,87,86,85,84,90,84,88,87,83,78,85,91
291,85,83,82,86,89,82,88,83,92,91,84,83,80,78,82,85,80,86,87,86,85,84,90,84,88,87,83,78,85,91
292,85,83,82,86,89,82,88,83,92,91,84,83,80,78,82,85,80,86,87,86,85,84,90,84,88,87,83,78,85,91
293,85,83,82,86,89,82,88,83,92,91,84,83,80,78,82,85,80,86,87,86,85,84,90,84,88,87,83,78,85,91
294,85,83,82,86,89,82,88,83,92,91,84,83,80,78,82,85,80,86,87,86,85,84,90,84,88,87,83,78,85,91
295,85,83,82,86,89,82,88,83,92,91,84,83,80,78,82,85,80,86,87,86,85,84,90,84,88,87,83,78,85,91
296,85,83,82,86,89,82,88,83,92,91,84,83,80,78,82,85,80,86,87,86,85,84,90,84,88,87,83,78,85,91
297,85,83,82,86,89,82,88,83,92,91,84,83,80,78,82,85,80,86,87,86,85,84,90,84,88,87,83,78,85,91
298,85,83,82,86,89,82,88,83,92,91,84,83,80,78,82,85,80,86,87,86,85,84,90,84,88,87,83,78,85,91
299,85,83,82,86,89,82,88,83,92,91,84,83,80,78,82,85,80,86,87,86,85,84,90,84,88,87,83,78,85,91
300,85,83,82,86,89,82,88,83,92,91,84,83,80,78,82,85,80,86,87,86,85,84,90,84,88,87,83,78,85,91
301,85,83,82,86,89,82,88,83,92,91,84,83,80,78,82,85,80,86,87,86,85,84,90,84,88,87,83,78,85,91
302,85,83,82,86,89,82,88,83,92,91,84,83,80,78,82,85,80,86,87,86,85,84,90,84,88,87,83,78,85,91
303,85,83,82,86,89,82,88,83,92,91,84,83,80,78,82,85,80,86,87,86,85,84,90,84,88,87,83,78,85,91
304,85,83,82,86,89,82,88,83,92,91,84,83,80,78,82,85,80,86,87,86,85,84,90,84,88,87,83,78,85,91
305,85,83,82,86,89,82,88,83,92,91,84,83,80,78,82,85,80,86,87,86,85,84,90,84,88,87,83,78,85,91
306,85,83,82,86,89,82,88,83,92,91,84,83,80,78,82,85,80,86,87,86,85,84,90,84,88,87,83,78,85,91
307,85,83,82,86,89,82,88,83,92,91,84,83,80,78,82,85,80,86,87,86,85,84,90,84,88,87,83,78,85,91
308,85,83,82,86,89,82,88,83,92,91,84,83,80,78,82,85,80,86,87,86,85,84,90,84,88,87,83,78,85,91
309,85,83,82,86,89,82,88,83,92,91,84,83,80,78,82,85,80,86,87,86,85,84,90,84,88,87,83,78,85,91
310,85,83,82,86,89,82,88,83,92,91,84,83,80,78,82,85,80,86,87,86,85,84,90,84,88,87,83,78,85,91
311,85,83,82,86,89,82,88,83,92,91,84,83,80,78,82,85,80,86,87,86,85,84,90,84,88,87,83,78,85,91
312,85,83,82,86,89,82,88,83,92,91,84,83,80,78,82,85,80,86,87,86,85,84,90,84,88,87,83,78,85,91
313,85,83,82,86,89,82,88,83,92,91,84,83,80,78,82,85,80,86,87,86,85,84,90,84,88,87,83,78,85,91
314,85,83,82,86,89,82,88,83,92,91,84,83,80,78,82,85,80,86,87,86,85,84,90,84,88,87,83,78,85,91
315,85,83,82,86,89,82,88,83,92,91,84,83,80,78,82,85,80,86,87,86,85,84,90,84,88,87,83,78,85,91
316,85,83,82,86,89,82,88,83,92,91,84,83,80,78,82,85,80,86,87,86,85,84,90,84,88,87,83,78,85,91
317,85,83,82,86,89,82,88,83,92,91,84,83,80,78,82,85,80,86,87,86,85,84,90,84,88,87,83,78,85,91
318,85,83,82,86,89,82,88,83,92,91,84,83,80,78,82,85,80,86,87,86,85,84,90,84,88,87,83,78,85,91
319,85,83,82,86,89,82,88,83,92,91,84,83,80,78,82,85,80,86,87,86,85,84,90,84,88,87,83,78,85,91
320,85,83,82,86,89,82,88,83,92,91,84,83,80,78,82,85,80,86,87,86,85,84,90,84,88,87,83,78,85,91
321,85,83,82,86,89,82,88,83,92,91,84,83,80,78,82,85,80,86,87,86,85,84,90,84,88,87,83,78,85,91
322,85,83,82,86,89,82,88,83,92,91,84,83,80,78,82,85,80,86,87,86,85,84,90,84,88,87,83,78,85,91
323,85,83,82,86,89,82,88,83,92,91,84,83,80,78,82,85,80,86,87,86,85,84,90,84,88,87,83,78,85,91
324,85,83,82,86,89,82,88,83,92,91,84,83,80,78,82,85,80,86,87,86,85,84,90,84,88,87,83,78,85,91
325,85,83,82,86,89,82,88,83,92,91,84,83,80,78,82,85,80,86,87,86,85,84,90,84,88,87,83,78,85,91
326,85,83,82,86,89,82,88,83,92,91,84,83,80,78,82,85,80,86,87,86,85,84,90,84,88,87,83,78,85,91
327,85,83,82,86,89,82,88,83,92,91,84,83,80,78,82,85,80,86,87,86,85,84,90,84,88,87,83,78,85,91
328,85,83,82,86,89,82,88,83,92,91,84,83,80,78,82,85,80,86,87,86,85,84,90,84,88,87,83,78,85,91
329,85,83,82,86,89,82,88,83,92,91,84,83,80,78,82,85,80,86,87,86,85,84,90,84,88,87,83,78,85,91
330,85,83,82,86,89,82,88,83,92,91,84,83,80,78,82,85,80,86,87,86,85,84,90,84,88,87,83,78,85,91
331,85,83,82,86,89,82,88,83,92,91,84,83,80,78,82,85,80,86,87,86,85,84,90,84,88,87,83,78,85,91
332,85,83,82,86,89,82,88,83,92,91,84,83,80,78,82,85,80,86,87,86,85,84,90,84,88,87,83,78,85,91
333,85,83,82,86,89,82,88,83,92,91,84,83,80,78,82,85,80,86,87,86,85,84,90,84,88,87,83,78,85,91
334,85,83,82,86,89,82,88,83,92,91,84,83,80,78,82,85,80,86,87,86,85,84,90,84,88,87,83,78,85,91
335,85,83,82,86,89,82,88,83,92,91,84,83,80,78,82,85,80,86,87,86,85,84,90,84,88,87,83,78,85,91
336,85,83,82,86,89,82,88,83,92,91,84,83,80,78,82,85,80,86,87,86,85,84,90,84,88,87,83,78,85,91
337,85,83,82,86,89,82,88,83,92,91,84,83,80,78,82,85,80,86,87,86,85,84,90,84,88,87,83,78,85,91
338,85,83,82,86,89,82,88,83,92,91,84,83,80,78,82,85,80,86,87,86,85,84,90,84,88,87,83,78,85,91
339,85,83,82,86,89,82,88,83,92,91,84,83,80,78,82,85,80,86,87,86,85,84,90,84,88,87,83,78,85,91
340,85,83,82,86,89,82,88,83,92,91,84,83,80,78,82,85,80,86,87,86,85,84,90,84,88,87,83,78,85,91
341,85,83,82,86,89,82,88,83,92,91,84,83,80,78,82,85,80,86,87,86,85,84,90,84,88,87,83,78,85,91
342,85,83,82,86,89,82,88,83,92,91,84,83,80,78,82,85,80,86,87,86,85,84,90,84,88,87,83,78,85,91
343,85,83,82,86,89,82,88,83,92,91,84,83,80,78,82,85,80,86,87,86,85,84,90,84,88,87,83,78,85,91
344,85,83,82,86,89,82,88,83,92,91,84,83,80,78,82,85,80,86,87,86,85,84,90,84,88,87,83,78,85,91
345,85,83,82,86,89,82,88,83,92,91,84,83,80,78,82,85,80,86,87,86,85,84,90,84,88,87,83,78,85,91
346,85,83,82,86,89,82,88,83,92,91,84,83,80,78,82,85,80,86,87,86,85,84,90,84,88,87,83,78,85,91
347,85,83,82,86,89,82,88,83,92,91,84,83,80,78,82,85,80,86,87,86,85,84,90,84,88,87,83,78,85,91
348,85,83,82,86,89,82,88,83,92,91,84,83,80,78,82,85,80,86,87,86,85,84,90,84,88,87,83,78,85,91
349,85,83,82,86,89,82,88,83,92,91,84,83,80,78,82,85,80,86,87,86,85,84,90,84,88,87,83,78,85,91
350,85,83,82,86,89,82,88,83,92,91,84,83,80,78,82,85,80,86,87,86,85,84,90,84,88,87,83,78,85,91
351,85,83,82,86,89,82,88,83,92,91,84,83,80,78,82,85,80,86,87,86,85,84,90,84,88,87,83,78,85,91
352,85,83,82,86,89,82,88,83,92,91,84,83,80,78,82,85,80,86,87,86,85,84,90,84,88,87,83,78,85,91
353,85,83,82,86,89,82,88,83,92,91,84,83,80,78,82,85,80,86,87,86,85,84,90,84,88,87,83,78,85,91
354,85,83,82,86,89,82,88,83,92,91,84,83,80,78,82,85,80,86,87,86,85,84,90,84,88,87,83,78,85,91
355,85,83,82,86,89,82,88,83,92,91,84,83,80,78,82,85,80,86,87,86,85,84,90,84,88,87,83,78,85,91
356,85,83,82,86,89,82,88,83,92,91,84,83,80,78,82,85,80,86,87,86,85,84,90,84,88,87,83,78,85,91
357,85,83,82,86,89,82,88,83,92,91,84,83,80,78,82,85,80,86,87,86,85,84,90,84,88,87,83,78,85,91
358,85,83,82,86,89,82,88,83,92,91,84,83,80,78,82,85,80,86,87,86,85,84,90,84,88,87,83,78,85,91
359,85,83,82,86,89,82,88,83,92,91,84,83,80,78,82,85,80,86,87,86,85,84,90,84,88,87,83,78,85,91
360,85,83,82,86,89,82,88,83,92,91,84,83,80,78,82,85,80,86,87,86,85,84,90,84,88,87,83,78,85,91
361,85,83,82,86,89,82,88,83,92,91,84,83,80,78,82,85,80,86,87,86,85,84,90,84,88,87,83,78,85,91
362,85,83,82,86,89,82,88,83,92,91,84,83,80,78,82,85,80,86,87,86,85,84,90,84,88,87,83,78,85,91
363,85,83,82,86,89,82,88,83,92,91,84,83,80,78,82,85,80,86,87,86,85,84,90,84,88,87,83,78,85,91
364,85,83,82,86,89,82,88,83,92,91,84,83,80,78,82,85,80,86,87,86,85,84,90,84,88,87,83,78,85,91
365,85,83,82,86,89,82,88,83,92,91,84,83,80,78,82,85,80,86,87,86,85,84,90,84,88,87,83,78,85,91
366,85,83,82,86,89,82,88,83,92,91,84,83,80,78,82,85,80,86,87,86,85,84,90,84,88,87,83,78,85,91
367,85,83,82,86,89,82,88,83,92,91,84,83,80,78,82,85,80,86,87,86,85,84,90,84,88,87,83,78,85,91
368,85,83,82,86,89,82,88,83,92,91,84,83,80,78,82,85,80,86,87,86,85,84,90,84,88,87,83,78,85,91
369,85,83,82,86,89,82,88,83,92,91,84,83,80,78,82,85,80,86,87,86,85,84,90,84,88,87,83,78,85,91
370,85,83,82,86,89,82,88,83,92,91,84,83,80,78,82,85,80,86,87,86,85,84,90,84,88,87,83,78,85,91
371,85,83,82,86,89,82,88,83,92,91,84,83,80,78,82,85,80,86,87,86,85,84,90,84,88,87,83,78,85,91
372,85,83,82,86,89,82,88,83,92,91,84,83,80,78,82,85,80,86,87,86,85,84,90,84,88,87,83,78,85,91
373,85,83,82,86,89,82,88,83,92,91,84,83,80,78,82,85,80,86,87,86,85,84,90,84,88,87,83,78,85,91
374,85,83,82,86,89,82,88,83,92,91,84,83,80,78,82,85,80,86,87,86,85,84,90,84,88,87,83,78,85,91
375,85,83,82,86,89,82,88,83,92,91,84,83,80,78,82,85,80,86,87,86,85,84,90,84,88,87,83,78,85,91
376,85,83,82,86,89,82,88,83,92,91,84,83,80,78,82,85,80,86,87,86,85,84,90,84,88,87,83,78,85,91
377,85,83,82,86,89,82,88,83,92,91,84,83,80,78,82,85,80,86,87,86,85,84,90,84,88,87,83,78,85,91
378,85,83,82,86,89,82,88,83,92,91,84,83,80,78,82,85,80,86,87,86,85,84,90,84,88,87,83,78,85,91
379,85,83,82,86,89,82,88,83,92,91,84,83,80,78,82,85,80,86,87,86,85,84,90,84,88,87,83,78,85,91
380,85,83,82,86,89,82,88,83,92,91,84,83,80,78,82,85,80,86,87,86,85,84,90,84,88,87,83,78,85,91
381,85,83,82,86,89,82,88,83,92,91,84,83,80,78,82,85,80,86,87,86,85,84,90,84,88,87,83,78,85,91
382,85,83,82,86,89,82,88,83,92,91,84,83,80,78,82,85,80,86,87,86,85,84,90,84,88,87,83,78,85,91
383,85,83,82,86,89,82,88,83,92,91,84,83,80,78,82,85,80,86,87,86,85,84,90,84,88,87,83,78,85,91
384,85,83,82,86,89,82,88,83,92,91,84,83,80,78,82,85,80,86,87,86,85,84,90,84,88,87,83,78,85,91
385,85,83,82,86,89,82,88,83,92,91,84,83,80,78,82,85,80,86,87,86,85,84,90,84,88,87,83,78,85,91
386,85,83,82,86,89,82,88,83,92,91,84,83,80,78,82,85,80,86,87,86,85,84,90,84,88,87,83,78,85,91
387,85,83,82,86,89,82,88,83,92,91,84,83,80,78,82,85,80,86,87,86,85,84,90,84,88,87,83,78,85,91
388,85,83,82,86,89,82,88,83,92,91,84,83,80,78,82,85,80,86,87,86,85,84,90,84,88,87,83,78,85,91
389,85,83,82,86,89,82,88,83,92,91,84,83,80,78,82,85,80,86,87,86,85,84,90,84,88,87,83,78,85,91
390,85,83,82,86,89,82,88,83,92,91,84,83,80,78,82,85,80,86,87,86,85,84,90,84,88,87,83,78,85,91
391,85,83,82,86,89,82,88,83,92,91,84,83,80,78,82,85,80,86,87,86,85,84,90,84,88,87,83,78,85,91
392,85,83,82,86,89,82,88,83,92,91,84,83,80,78,82,85,80,86,87,86,85,84,90,84,88,87,83,78,85,91
393,85,83,82,86,89,82,88,83,92,91,84,83,80,78,82,85,80,86,87,86,85,84,90,84,88,87,83,78,85,91
394,85,83,82,86,89,82,88,83,92,91,84,83,80,78,82,85,80,86,87,86,85,84,90,84,88,87,83,78,85,91
395,85,83,82,86,89,82,88,83,92,91,84,83,80,78,82,85,80,86,87,86,85,84,90,84,88,87,83,78,85,91
396,85,83,82,86,89,82,88,83,92,91,84,83,80,78,82,85,80,86,87,86,85,84,90,84,88,87,83,78,85,91
397,85,83,82,86,89,82,88,83,92,91,84,83,80,78,82,85,80,86,87,86,85,84,90,84,88,87,83,78,85,91
398,85,83,82,86,89,82,88,83,92,91,84,83,80,78,82,85,80,86,87,86,85,84,90,84,88,87,83,78,85,91
399,85,83,82,86,89,82,88,83,92,91,84,83,80,78,82,85,80,86,87,86,85,84,90,84,88,87,83,78,85,91
400,85,83,82,86,89,82,88,83,92,91,84,83,80,78,82,85,80,86,87,86,85,84,90,84,88,87,83,78,85,91
401,85,83,82,86,89,82,88,83,92,91,84,83,80,78,82,85,80,86,87,86,85,84,90,84,88,87,83,78,85,91
402,85,83,82,86,89,82,88,83,92,91,84,83,80,78,82,85,80,86,87,86,85,84,90,84,88,87,83,78,85,91
403,85,83,82,86,89,82,88,83,92,91,84,83,80,78,82,85,80,86,87,86,85,84,90,84,88,87,83,78,85,91
404,85,83,82,86,89,82,88,83,92,91,84,83,80,78,82,85,80,86,87,86,85,84,90,84,88,87,83,78,85,91
405,85,83,82,86,89,82,88,83,92,91,84,83,80,78,82,85,80,86,87,86,85,84,90,84,88,87,83,78,85,91
406,85,83,82,86,89,82,88,83,92,91,84,83,80,78,82,85,80,86,87,86,85,84,90,84,88,87,83,78,85,91
407,85,83,82,86,89,82,88,83,92,91,84,83,80,78,82,85,80,86,87,86,85,84,90,84,88,87,83,78,85,91
408,85,83,82,86,89,82,88,83,92,91,84,83,80,78,82,85,80,86,87,86,85,84,90,84,88,87,83,78,85,91
409,85,83,82,86,89,82,88,83,92,91,84,83,80,78,82,85,80,86,87,86,85,84,90,84,88,87,83,78,85,91
410,85,83,82,86,89,82,88,83,92,91,84,83,80,78,82,85,80,86,87,86,85,84,90,84,88,87,83,78,85,91
411,85,83,82,86,89,82,88,83,92,91,84,83,80,78,82,85,80,86,87,86,85,84,90,84,88,87,83,78,85,91
412,85,83,82,86,89,82,88,83,92,91,84,83,80,78,82,85,80,86,87,86,85,84,90,84,88,87,83,78,85,91
413,85,83,82,86,89,82,88,83,92,91,84,83,80,78,82,85,80,86,87,86,85,84,90,84,88,87,83,78,85,91
414,85,83,82,86,89,82,88,83,92,91,84,83,80,78,82,85,80,86,87,86,85,84,90,84,88,87,83,78,85,91
415,85,83,82,86,89,82,88,83,92,91,84,83,80,78,82,85,80,86,87,86,85,84,90,84,88,87,83,78,85,91
416,85,83,82,86,89,82,88,83,92,91,84,83,80,78,82,85,80,86,87,86,85,84,90,84,88,87,83,78,85,91
417,85,83,82,86,89,82,88,83,92,91,84,83,80,78,82,85,80,86,87,86,85,84,90,84,88,87,83,78,85,91
418,85,83,82,86,89,82,88,83,92,91,84,83,80,78,82,85,80,86,87,86,85,84,90,84,88,87,83,78,85,91
419,85,83,82,86,89,82,88,83,92,91,84,83,80,78,82,85,80,86,87,86,85,84,90,84,88,87,83,78,85,91
420,85,83,82,86,89,82,88,83,92,91,84,83,80,78,82,85,80,86,87,86,85,84,90,84,88,87,83,78,85,91
421,85,83,82,86,89,82,88,83,92,91,84,83,80,78,82,85,80,86,87,86,85,84,90,84,88,87,83,78,85,91
422,85,83,82,86,89,82,88,83,92,91,84,83,80,78,82,85,80,86,87,86,85,84,90,84,88,87,83,78,85,91
423,85,83,82,86,89,82,88,83,92,91,84,83,80,78,82,85,80,86,87,86,85,84,90,84,88,87,83,78,85,91
424,85,83,82,86,89,82,88,83,92,91,84,83,80,78,82,85,80,86,87,86,85,84,90,84,88,87,83,78,85,91
425,85,83,82,86,89,82,88,83,92,91,84,83,80,78,82,85,80,86,87,86,85,84,90,84,88,87,83,78,85,91
426,85,83,82,86,89,82,88,83,92,91,84,83,80,78,82,85,80,86,87,86,85,84,90,84,88,87,83,78,85,91
427,85,83,82,86,89,82,88,83,92,91,84,83,80,78,82,85,80,86,87,86,85,84,90,84,88,87,83,78,85,91
428,85,83,82,86,89,82,88,83,92,91,84,83,80,78,82,85,80,86,87,86,85,84,90,84,88,87,83,78,85,91
429,85,83,82,86,89,82,88,83,92,91,84,83,80,78,82,85,80,86,87,86,85,84,90,84,88,87,83,78,85,91
430,85,83,82,86,89,82,88,83,92,91,84,83,80,78,82,85,80,86,87,86,85,84,90,84,88,87,83,78,85,91
431,85,83,82,86,89,82,88,83,92,91,84,83,80,78,82,85,80,86,87,86,85,84,90,84,88,87,83,78,85,91
432,85,83,82,86,89,82,88,83,92,91,84,83,80,78,82,85,80,86,87,86,85,84,90,84,88,87,83,78,85,91
433,85,83,82,86,89,82,88,83,92,91,84,83,80,78,82,85,80,86,87,86,85,84,90,84,88,87,83,78,85,91
434,85,83,82,86,89,82,88,83,92,91,84,83,80,78,82,85,80,86,87,86,85,84,90,84,88,87,83,78,85,91
435,85,83,82,86,89,82,88,83,92,91,84,83,80,78,82,85,80,86,87,86,85,84,90,84,88,87,83,78,85,91
436,85,83,82,86,89,82,88,83,92,91,84,83,80,78,82,85,80,86,87,86,85,84,90,84,88,87,83,78,85,91
437,85,83,82,86,89,82,88,83,92,91,84,83,80,78,82,85,80,86,87,86,85,84,90,84,88,87,83,78,85,91
438,85,83,82,86,89,82,88,83,92,91,84,83,80,78,82,85,80,86,87,86,85,84,90,84,88,87,83,78,85,91
439,85,83,82,86,89,82,88,83,92,91,84,83,80,78,82,85,80,86,87,86,85,84,90,84,88,87,83,78,85,91
440,85,83,82,86,89,82,88,83,92,91,84,83,80,78,82,85,80,86,87,86,85,84,90,84,88,87,83,78,85,91
441,85,83,82,86,89,82,88,83,92,91,84,83,80,78,82,85,80,86,87,86,85,84,90,84,88,87,83,78,85,91
442,85,83,82,86,89,82,88,83,92,91,84,83,80,78,82,85,80,86,87,86,85,84,90,84,88,87,83,78,85,91
443,85,83,82,86,89,82,88,83,92,91,84,83,80,78,82,85,80,86,87,86,85,84,90,84,88,87,83,78,85,91
444,85,83,82,86,89,82,88,83,92,91,84,83,80,78,82,85,80,86,87,86,85,84,90,84,88,87,83,78,85,91
445,85,83,82,86,89,82,88,83,92,91,84,83,80,78,82,85,80,86,87,86,85,84,90,84,88,87,83,78,85,91
446,85,83,82,86,89,82,88,83,92,91,84,83,80,78,82,85,80,86,87,86,85,84,90,84,88,87,83,78,85,91
447,85,83,82,86,89,82,88,83,92,91,84,83,80,78,82,85,80,86,87,86,85,84,90,84,88,87,83,78,85,91
448,85,83,82,86,89,82,88,83,92,91,84,83,80,78,82,85,80,86,87,86,85,84,90,84,88,87,83,78,85,91
449,85,83,82,86,89,82,88,83,92,91,84,83,80,78,82,85,80,86,87,86,85,84,90,84,88,87,83,78,85,91
450,85,83,82,86,89,82,88,83,92,91,84,83,80,78,82,85,80,86,87,86,85,84,90,84,88,87,83,78,85,91
451,85,83,82,86,89,82,88,83,92,91,84,83,80,78,82,85,80,86,87,86,85,84,90,84,88,87,83,78,85,91
452,85,83,82,86,89,82,88,83,92,91,84,83,80,78,82,85,80,86,87,86,85,84,90,84,88,87,83,78,85,91
453,85,83,82,86,89,82,88,83,92,91,84,83,80,78,82,85,80,86,87,86,85,84,90,84,88,87,83,78,85,91
454,85,83,82,86,89,82,88,83,92,91,84,83,80,78,82,85,80,86,87,86,85,84,90,84,88,87,83,78,85,91
455,85,83,82,86,89,82,88,83,92,91,84,83,80,78,82,85,80,86,87,86,85,84,90,84,88,87,83,78,85,91
456,85,83,82,86,89,82,88,83,92,91,84,83,80,78,82,85,80,86,87,86,85,84,90,84,88,87,83,78,85,91
457,85,83,82,86,89,82,88,83,92,91,84,83,80,78,82,85,80,86,87,86,85,84,90,84,88,87,83,78,85,91
458,85,83,82,86,89,82,88,83,92,91,84,83,80,78,82,85,80,86,87,86,85,84,90,84,88,87,83,78,85,91
459,85,83,82,86,89,82,88,83,92,91,84,83,80,78,82,85,80,86,87,86,85,84,90,84,88,87,83,78,85,91
460,85,83,82,86,89,82,88,83,92,91,84,83,80,78,82,85,80,86,87,86,85,84,90,84,88,87,83,78,85,91
461,85,83,82,86,89,82,88,83,92,91,84,83,80,78,82,85,80,86,87,86,85,84,90,84,88,87,83,78,85,91
462,85,83,82,86,89,82,88,83,92,91,84,83,80,78,82,85,80,86,87,86,85,84,90,84,88,87,83,78,85,91
463,85,83,82,86,89,82,88,83,92,91,84,83,80,78,82,85,80,86,87,86,85,84,90,84,88,87,83,78,85,91
464,85,83,82,86,89,82,88,83,92,91,84,83,80,78,82,85,80,86,87,86,85,84,90,84,88,87,83,78,85,91
465,85,83,82,86,89,82,88,83,92,91,84,83,80,78,82,85,80,86,87,86,85,84,90,84,88,87,83,78,85,91
466,85,83,82,86,89,82,88,83,92,91,84,83,80,78,82,85,80,86,87,86,85,84,90,84,88,87,83,78,85,91
467,85,83,82,86,89,82,88,83,92,91,84,83,80,78,82,85,80,86,87,86,85,84,90,84,88,87,83,78,85,91
468,85,83,82,86,89,82,88,83,92,91,84,83,80,78,82,85,80,86,87,86,85,84,90,84,88,87,83,78,85,91
469,85,83,82,86,89,82,88,83,92,91,84,83,80,78,82,85,80,86,87,86,85,84,90,84,88,87,83,78,85,91
470,85,83,82,86,89,82,88,83,92,91,84,83,80,78,82,85,80,86,87,86,85,84,90,84,88,87,83,78,85,91
471,85,83,82,86,89,82,88,83,92,91,84,83,80,78,82,85,80,86,87,86,85,84,90,84,88,87,83,78,85,91
472,85,83,82,86,89,82,88,83,92,91,84,83,80,78,82,85,80,86,87,86,85,84,90,84,88,87,83,78,85,91
473,85,83,82,86,89,82,88,83,92,91,84,83,80,78,82,85,80,86,87,86,85,84,90,84,88,87,83,78,85,91
474,85,83,82,86,89,82,88,83,92,91,84,83,80,78,82,85,80,86,87,86,85,84,90,84,88,87,83,78,85,91
475,85,83,82,86,89,82,88,83,92,91,84,83,80,78,82,85,80,86,87,86,85,84,90,84,88,87,83,78,85,91
476,85,83,82,86,89,82,88,83,92,91,84,83,80,78,82,85,80,86,87,86,85,84,90,84,88,87,83,78,85,91
477,85,83,82,86,89,82,88,83,92,91,84,83,80,78,82,85,80,86,87,86,85,84,90,84,88,87,83,78,85,91
478,85,83,82,86,89,82,88,83,92,91,84,83,80,78,82,85,80,86,87,86,85,84,90,84,88,87,83,78,85,91
479,85,83,82,86,89,82,88,83,92,91,84,83,80,78,82,85,80,86,87,86,85,84,90,84,88,87,83,78,85,91
480,85,83,82,86,89,82,88,83,92,91,84,83,80,78,82,85,80,86,87,86,85,84,90,84,88,87,83,78,85,91
481,85,83,82,86,89,82,88,83,92,91,84,83,80,78,82,85,80,86,87,86,85,84,90,84,88,87,83,78,85,91
482,85,83,82,86,89,82,88,83,92,91,84,83,80,78,82,85,80,86,87,86,85,84,90,84,88,87,83,78,85,91
483,85,83,82,86,89,82,88,83,92,91,84,83,80,78,82,85,80,86,87,86,85,84,90,84,88,87,83,78,85,91
484,85,83,82,86,89,82,88,83,92,91,84,83,80,78,82,85,80,86,87,86,85,84,90,84,88,87,83,78,85,91
485,85,83,82,86,89,82,88,83,92,91,84,83,80,78,82,85,80,86,87,86,85,84,90,84,88,87,83,78,85,91
486,85,83,82,86,89,82,88,83,92,91,84,83,80,78,82,85,80,86,87,86,85,84,90,84,88,87,83,78,85,91
487,85,83,82,86,89,82,88,83,92,91,84,83,80,78,82,85,80,86,87,86,85,84,90,84,88,87,83,78,85,91
488,85,83,82,86,89,82,88,83,92,91,84,83,80,78,82,85,80,86,87,86,85,84,90,84,88,87,83,78,85,91
489,85,83,82,86,89,82,88,83,92,91,84,83,80,78,82,85,80,86,87,86,85,84,90,84,88,87,83,78,85,91
490,85,83,82,86,89,82,88,83,92,91,84,83,80,78,82,85,80,86,87,86,85,84,90,84,88,87,83,78,85,91
491,85,83,82,86,89,82,88,83,92,91,84,83,80,78,82,85,80,86,87,86,85,84,90,84,88,87,83,78,85,91
492,85,83,82,86,89,82,88,83,92,91,84,83,80,78,82,85,80,86,87,86,85,84,90,84,88,87,83,78,85,91
493,85,83,82,86,89,82,88,83,92,91,84,83,80,78,82,85,80,86,87,86,85,84,90,84,88,87,83,78,85,91
494,85,83,82,86,89,82,88,83,92,91,84,83,80,78,82,85,80,86,87,86,85,84,90,84,88,87,83,78,85,91
495,85,83,82,86,89,82,88,83,92,91,84,83,80,78,82,85,80,86,87,86,85,84,90,84,88,87,83,78,85,91
496,85,83,82,86,89,82,88,83,92,91,84,83,80,78,82,85,80,86,87,86,85,84,90,84,88,87,83,78,85,91
497,85,83,82,86,89,82,88,83,92,91,84,83,80,78,82,85,80,86,87,86,85,84,90,84,88,87,83,78,85,91
498,85,83,82,86,89,82,88,83,92,91,84,83,80,78,82,85,80,86,87,86,85,84,90,84,88,87,83,78,85,91
499,85,83,82,86,89,82,88,83,92,91,84,83,80,78,82,85,80,86,87,86,85,84,90,84,88,87,83,78,85,91
500,85,83,82,86,89,82,88,83,92,91,84,83,80,78,82,85,80,86,87,86,85,84,90,84,88,87,83,78,85,91
